%YAML:1.0
intr_L: !!opencv-matrix
   rows: 3
   cols: 3
   dt: f
   data: [ 4.58274658e+003, 0., 5.77388855e+002, 0., 4.58329736e+003,
       3.45627991e+002, 0., 0., 1. ]
intr_R: !!opencv-matrix
   rows: 3
   cols: 3
   dt: f
   data: [ 4.71351074e+003, 0., 4.47225433e+002, 0., 4.72743701e+003,
       6.70925903e+002, 0., 0., 1. ]
dist_L: !!opencv-matrix
   rows: 1
   cols: 5
   dt: f
   data: [ -1.81339234e-001, -2.30249476e+000, -7.33626354e-003,
       -4.84211743e-003, 4.10440445e+001 ]
dist_R: !!opencv-matrix
   rows: 1
   cols: 5
   dt: f
   data: [ -4.74933326e-001, 8.74930286e+000, 3.71969934e-003,
       -3.75411473e-003, -1.04506569e+002 ]
rot: !!opencv-matrix
   rows: 3
   cols: 3
   dt: f
   data: [ 9.75464284e-001, -3.78899053e-002, -2.16872856e-001,
       2.81417519e-002, 9.98457372e-001, -4.78629842e-002,
       2.18351841e-001, 4.05854471e-002, 9.75025773e-001 ]
trans: !!opencv-matrix
   rows: 3
   cols: 1
   dt: f
   data: [ 2.72319973e-001, -2.93479790e-003, 1.47417514e-002 ]
...
---
tgtPts: !!opencv-matrix
   rows: 6
   cols: 3
   dt: f
   data: [ 1.72580943e-001, -3.78487051e-001, 1.92960829e-001,
       -4.08467621e-001, -3.49878967e-001, 2.84475207e-001,
       -4.22987550e-001, -3.88764217e-002, 1.23965740e-001,
       1.63607925e-001, -6.31580427e-002, 3.80562767e-002,
       -4.11649704e-001, 1.47189302e-002, 1.05795376e-001,
       1.57018811e-001, -5.64128347e-003, 3.18480954e-002 ]
