<?xml version="1.0"?>
<opencv_storage>
<dist_R type_id="opencv-matrix">
  <rows>1</rows>
  <cols>5</cols>
  <dt>f</dt>
  <data>
    -6.75724819e-002 -4.76286697e+000 2.65835077e-002 -2.08444130e-002
    4.15534706e+001</data></dist_R>
</opencv_storage>
