<?xml version="1.0"?>
<opencv_storage>
<dist_L type_id="opencv-matrix">
  <rows>1</rows>
  <cols>5</cols>
  <dt>f</dt>
  <data>
    -6.13664865e-001 1.21858854e+001 1.16793262e-002 -7.54082156e-003
    -1.09551399e+002</data></dist_L>
</opencv_storage>
